0.1 0.0411384
0.0562341 0.0233687
0.0316228 0.0132137
0.0177828 0.00745318
0.01 0.00419831
0.00562341 0.00236312
0.00316228 0.00132958
0.00177828 0.0007479
0.001 0.000420645
0.000562341 0.000236568
0.000316228 0.000133039
0.000177828 7.48157e-05
0.0001 4.20726e-05
5.62341e-05 2.36594e-05
3.16228e-05 1.33047e-05
1.77828e-05 7.48182e-06
1e-05 4.20734e-06
5.62341e-06 2.36597e-06
3.16228e-06 1.33048e-06
1.77828e-06 7.48165e-07
1e-06 4.20802e-07
5.62341e-07 2.36559e-07
3.16228e-07 1.33079e-07
1.77828e-07 7.51437e-08
1e-07 4.1439e-08
