0.1 0.0461202
0.0562341 0.0257793
0.0316228 0.0144454
0.0177828 0.00810664
0.01 0.00455338
0.00562341 0.00255886
0.00316228 0.00143842
0.00177828 0.000808712
0.001 0.000454718
0.000562341 0.00025569
0.000316228 0.000143779
0.000177828 8.08514e-05
0.0001 4.54656e-05
5.62341e-05 2.5567e-05
3.16228e-05 1.43773e-05
1.77828e-05 8.08495e-06
1e-05 4.5465e-06
5.62341e-06 2.55668e-06
3.16228e-06 1.43774e-06
1.77828e-06 8.08492e-07
1e-06 4.54748e-07
5.62341e-07 2.5561e-07
3.16228e-07 1.4386e-07
1.77828e-07 8.11545e-08
1e-07 4.50762e-08
