0.1 0.00388046
0.0562341 0.00264657
0.0316228 0.00163199
0.0177828 0.000962602
0.01 0.000555395
0.00562341 0.000316756
0.00316228 0.000179524
0.00177828 0.000101396
0.001 5.71586e-05
0.000562341 3.21867e-05
0.000316228 1.81139e-05
0.000177828 1.01906e-05
0.0001 5.73199e-06
5.62341e-05 3.22378e-06
3.16228e-05 1.813e-06
1.77828e-05 1.01957e-06
1e-05 5.73363e-07
5.62341e-06 3.22431e-07
3.16228e-06 1.81315e-07
1.77828e-06 1.01947e-07
1e-06 5.72984e-08
5.62341e-07 3.23098e-08
3.16228e-07 1.80261e-08
1.77828e-07 1.06712e-08
1e-07 6.56118e-09
