0.1 0.000693231
0.0562341 0.000219294
0.0316228 6.93543e-05
0.0177828 2.19325e-05
0.01 6.93575e-06
0.00562341 2.19328e-06
0.00316228 6.93578e-07
0.00177828 2.19329e-07
0.001 6.93578e-08
0.000562341 2.19329e-08
0.000316228 6.93551e-09
0.000177828 2.19313e-09
0.0001 6.92806e-10
5.62341e-05 2.19885e-10
3.16228e-05 6.8669e-11
1.77828e-05 2.36043e-11
1e-05 6.68832e-12
5.62341e-06 1.23501e-12
3.16228e-06 3.71847e-12
1.77828e-06 7.61186e-12
1e-06 1.13715e-12
5.62341e-07 3.82506e-11
3.16228e-07 8.40524e-11
1.77828e-07 3.0455e-10
1e-07 1.12159e-10
