0.1 0.000598299
0.0562341 0.00018955
0.0316228 5.99762e-05
0.0177828 1.89697e-05
0.01 5.99908e-06
0.00562341 1.89711e-06
0.00316228 5.99923e-07
0.00177828 1.89713e-07
0.001 5.99924e-08
0.000562341 1.89713e-08
0.000316228 5.99929e-09
0.000177828 1.89738e-09
0.0001 6.00264e-10
5.62341e-05 1.89607e-10
3.16228e-05 6.0255e-11
1.77828e-05 1.89795e-11
1e-05 7.05752e-12
5.62341e-06 4.4556e-13
3.16228e-06 2.76515e-12
1.77828e-06 1.848e-11
1e-06 2.3017e-11
5.62341e-07 1.18937e-11
3.16228e-07 1.10284e-10
1.77828e-07 2.99426e-10
1e-07 2.54539e-10
