0.1 0.00178985
0.0562341 0.000566473
0.0316228 0.000179182
0.0177828 5.66669e-05
0.01 1.79201e-05
0.00562341 5.66689e-06
0.00316228 1.79203e-06
0.00177828 5.66691e-07
0.001 1.79203e-07
0.000562341 5.66692e-08
0.000316228 1.79203e-08
0.000177828 5.66702e-09
0.0001 1.79158e-09
5.62341e-05 5.67953e-10
3.16228e-05 1.77551e-10
1.77828e-05 5.77802e-11
1e-05 1.68897e-11
5.62341e-06 9.22984e-12
3.16228e-06 2.00973e-12
1.77828e-06 3.59289e-11
1e-06 4.46453e-11
5.62341e-07 1.2897e-10
3.16228e-07 5.46722e-11
1.77828e-07 5.77198e-11
1e-07 4.54955e-10
