0.1 0.000900054
0.0562341 0.000284719
0.0316228 9.00459e-05
0.0177828 2.8476e-05
0.01 9.00499e-06
0.00562341 2.84764e-06
0.00316228 9.00503e-07
0.00177828 2.84764e-07
0.001 9.00505e-08
0.000562341 2.84764e-08
0.000316228 9.00504e-09
0.000177828 2.84778e-09
0.0001 9.0043e-10
5.62341e-05 2.84908e-10
3.16228e-05 8.89258e-11
1.77828e-05 3.11425e-11
1e-05 1.11409e-11
5.62341e-06 3.76366e-13
3.16228e-06 6.0052e-13
1.77828e-06 2.48993e-11
1e-06 2.77169e-11
5.62341e-07 3.98622e-11
3.16228e-07 1.81547e-11
1.77828e-07 2.2483e-10
1e-07 1.94328e-10
