0.1 0.00746016
0.0562341 0.00377951
0.0316228 0.00199035
0.0177828 0.00107594
0.01 0.000591235
0.00562341 0.00032809
0.00316228 0.000183108
0.00177828 0.000102529
0.001 5.7517e-05
0.000562341 3.23001e-05
0.000316228 1.81497e-05
0.000177828 1.02019e-05
0.0001 5.73557e-06
5.62341e-05 3.22491e-06
3.16228e-05 1.81336e-06
1.77828e-05 1.01968e-06
1e-05 5.73397e-07
5.62341e-06 3.2245e-07
3.16228e-06 1.81319e-07
1.77828e-06 1.02019e-07
1e-06 5.73877e-08
5.62341e-07 3.20519e-08
3.16228e-07 1.81355e-08
1.77828e-07 1.05558e-08
1e-07 5.65127e-09
