0.1 0.0429386
0.0562341 0.0239382
0.0316228 0.0133938
0.0177828 0.00751013
0.01 0.00421632
0.00562341 0.00236881
0.00316228 0.00133138
0.00177828 0.00074847
0.001 0.000420826
0.000562341 0.000236625
0.000316228 0.000133057
0.000177828 7.48214e-05
0.0001 4.20744e-05
5.62341e-05 2.366e-05
3.16228e-05 1.33049e-05
1.77828e-05 7.48188e-06
1e-05 4.20736e-06
5.62341e-06 2.36597e-06
3.16228e-06 1.33048e-06
1.77828e-06 7.48215e-07
1e-06 4.20747e-07
5.62341e-07 2.3648e-07
3.16228e-07 1.33042e-07
1.77828e-07 7.46941e-08
1e-07 4.18277e-08
