0.1 0.0164649
0.0562341 0.00940955
0.0316228 0.00533866
0.0177828 0.00301702
0.01 0.00170129
0.00562341 0.000958184
0.00316228 0.000539294
0.00177828 0.000303415
0.001 0.000170669
0.000562341 9.59893e-05
0.000316228 5.39834e-05
0.000177828 3.03586e-05
0.0001 1.70723e-05
5.62341e-05 9.60064e-06
3.16228e-05 5.39888e-06
1.77828e-05 3.03603e-06
1e-05 1.70729e-06
5.62341e-06 9.60083e-07
3.16228e-06 5.39891e-07
1.77828e-06 3.0362e-07
1e-06 1.70702e-07
5.62341e-07 9.60239e-08
3.16228e-07 5.38249e-08
1.77828e-07 3.06962e-08
1e-07 1.73936e-08
