0.1 0.0176615
0.0562341 0.00978865
0.0316228 0.00545861
0.0177828 0.00305496
0.01 0.00171328
0.00562341 0.000961978
0.00316228 0.000540494
0.00177828 0.000303794
0.001 0.000170789
0.000562341 9.60272e-05
0.000316228 5.39954e-05
0.000177828 3.03624e-05
0.0001 1.70735e-05
5.62341e-05 9.60101e-06
3.16228e-05 5.399e-06
1.77828e-05 3.03607e-06
1e-05 1.7073e-06
5.62341e-06 9.60084e-07
3.16228e-06 5.39897e-07
1.77828e-06 3.03583e-07
1e-06 1.70748e-07
5.62341e-07 9.60001e-08
3.16228e-07 5.40455e-08
1.77828e-07 3.00974e-08
1e-07 1.68845e-08
