0.1 0.0447338
0.0562341 0.0253407
0.0316228 0.0143067
0.0177828 0.00806278
0.01 0.00453951
0.00562341 0.00255448
0.00316228 0.00143703
0.00177828 0.000808273
0.001 0.000454579
0.000562341 0.000255646
0.000316228 0.000143766
0.000177828 8.08471e-05
0.0001 4.54642e-05
5.62341e-05 2.55666e-05
3.16228e-05 1.43772e-05
1.77828e-05 8.0849e-06
1e-05 4.54648e-06
5.62341e-06 2.55668e-06
3.16228e-06 1.43774e-06
1.77828e-06 8.08508e-07
1e-06 4.54746e-07
5.62341e-07 2.55533e-07
3.16228e-07 1.44028e-07
1.77828e-07 8.05454e-08
1e-07 4.48519e-08
